00000.png,-37.4924,-32.0394,39.6001
00000.png,-36.4732,-23.0133,42.6979
00000.png,-43.7351,-16.5491,43.0591
00000.png,-46.5769,-6.37649,45.1348
00000.png,-46.7584,5.23114,46.2268
00000.png,-44.2307,16.172,43.695
00000.png,-41.0106,25.1073,40.0415
00000.png,-37.4924,33.6869,39.6001
00000.png,-37.5143,39.6031,35.7272
00000.png,-30.5633,-34.4254,41.4514
00000.png,-32.6335,-26.3242,43.9829
00000.png,-35.2095,-18.0905,46.5811
00000.png,-38.3988,-6.51649,49.1564
00000.png,-39.089,6.56457,49.971
00000.png,-38.4702,19.1423,49.4989
00000.png,-34.6019,28.4247,46.268
00000.png,-32.9198,38.2998,44.5663
00000.png,-29.3741,43.4694,39.2012
00000.png,-22.8348,-37.8153,43.3468
00000.png,-24.7447,-30.3582,48.0912
00000.png,-27.5474,-21.3906,53.0078
00000.png,-31.9441,-6.99769,59.3048
00000.png,-33.5652,4.57653,51.9806
00000.png,-31.8191,21.4632,57.1251
00000.png,-27.0465,33.0124,52.8829
00000.png,-22.8426,41.1874,48.5567
00000.png,-19.3374,47.405,45.0011
00000.png,-12.8467,-39.7928,46.1323
00000.png,-13.7887,-31.4932,49.4646
00000.png,-17.0593,-22.0485,58.2911
00000.png,-15.9715,-7.54847,61.2618
00000.png,-15.9402,9.35778,61.9181
00000.png,-17.0457,22.0804,58.1798
00000.png,-16.5949,36.5603,56.6758
00000.png,-14.5469,46.3523,52.1723
00000.png,-10.4181,51.7962,48.3362
00000.png,-0.892611,-40.8857,46.7838
00000.png,-1.33518,-33.0839,51.0487
00000.png,-2.05055,-23.6276,57.5616
00000.png,-0.127701,-8.57972,59.7618
00000.png,-1.94801,7.78747,59.838
00000.png,-2.04469,22.3451,58.0509
00000.png,-1.1277,37.764,59.9493
00000.png,-1.20968,50.4753,56.55
00000.png,-1.12746,55.4756,48.9896
00000.png,10.5159,-40.7339,47.0819
00000.png,11.8262,-30.9614,48.9257
00000.png,12.9348,-20.6422,59.6681
00000.png,15.9348,-6.41566,64.1212
00000.png,15.9348,7.83434,62.6212
00000.png,15.9348,24.3343,65.6212
00000.png,14.4348,39.3168,62.586
00000.png,15.7068,50.5856,59.1429
00000.png,11.9045,55.8957,49.2266
00000.png,20.3444,-36.1557,42.5909
00000.png,22.92,-29.5206,47.3717
00000.png,26.3569,-21.422,53.1957
00000.png,29.0598,-7.51722,61.7306
00000.png,30.841,9.31091,65.4337
00000.png,29.9035,24.264,63.4181
00000.png,29.4348,36.7416,58.5519
00000.png,26.8695,48.931,55.3121
00000.png,24.7497,56.5445,49.9275
00000.png,28.5921,-32.0537,41.3016
00000.png,32.3191,-27.0432,44.748
00000.png,37.279,-19.2018,49.7234
00000.png,41.1674,-5.97335,56.5604
00000.png,43.2864,9.31091,60.3243
00000.png,42.9348,23.6078,59.6681
00000.png,41.3883,35.1657,55.5191
00000.png,37.7058,45.4817,51.0222
00000.png,34.1991,52.1233,46.6157
